Subject: Subject 1
Time of Experiment: 04-May-2025 15:35:30

Raw Heart Rate Data:
75 75 75 75 75 74 74 74 74 74 74 71 70 70 70 70 70 70 70 70 70 70 70 69 69 69 69 69 69 69 69 68 68 66 66 65 65 65 65 65 65 65 65 66 65 66 66 66 66 66 67 67 67 69 70 70 70 70 72 72 72 72 72 72 72 73 73 73 73 73 73 73 73 73 73 73 73 72 72 71 72 72 71 71 71 71 71 71 71 70 69 69 68 68 68 68 68 68 67 67 66 65 65 65 65 65 69 69 71 71 71 70 69 69 69 69 69 69 70 71 71 71 71 71 73 73 73 73 73 73 73 72 71 71 70 70 70 71 71 71 70 70 70 69 69 69 70 70 70 70

Normalized Heart Rate Data:
31 0 0 0 0 0 0 0 0 0 0 0 0 0 0 0 0 0 0 0 0 0 0 0 0 0 0 0 0 0 0 -4.22535211267606 -4.22535211267606 -7.04225352112676 -7.04225352112676 -8.45070422535211 -8.45070422535211 -8.45070422535211 -8.45070422535211 -8.45070422535211 -8.45070422535211 -8.45070422535211 -8.45070422535211 -7.04225352112676 -8.45070422535211 -7.04225352112676 -7.04225352112676 -7.04225352112676 -7.04225352112676 -7.04225352112676 -5.63380281690141 -5.63380281690141 -5.63380281690141 -2.8169014084507 -1.40845070422535 -1.40845070422535 -1.40845070422535 -1.40845070422535 1.40845070422535 1.40845070422535 1.40845070422535 1.40845070422535 1.40845070422535 1.40845070422535 1.40845070422535 2.8169014084507 2.8169014084507 2.8169014084507 2.8169014084507 2.8169014084507 2.8169014084507 2.8169014084507 2.8169014084507 2.8169014084507 2.8169014084507 2.8169014084507 2.8169014084507 1.40845070422535 1.40845070422535 0 1.40845070422535 1.40845070422535 0 0 0 0 0 0 0 -1.40845070422535 -2.8169014084507 -2.8169014084507 -4.22535211267606 -4.22535211267606 -4.22535211267606 -4.22535211267606 -4.22535211267606 -4.22535211267606 -5.63380281690141 -5.63380281690141 -7.04225352112676 -8.45070422535211 -8.45070422535211 -8.45070422535211 -8.45070422535211 -8.45070422535211 -2.8169014084507 -2.8169014084507 0 0 0 -1.40845070422535 -2.8169014084507 -2.8169014084507 -2.8169014084507 -2.8169014084507 -2.8169014084507 -2.8169014084507 -1.40845070422535 0 0 0 0 0 2.8169014084507 2.8169014084507 2.8169014084507 2.8169014084507 2.8169014084507 2.8169014084507 2.8169014084507 1.40845070422535 0 0 -1.40845070422535 -1.40845070422535 -1.40845070422535 0 0 0 -1.40845070422535 -1.40845070422535 -1.40845070422535 -2.8169014084507 -2.8169014084507 -2.8169014084507 -1.40845070422535 -1.40845070422535 -1.40845070422535 -1.40845070422535
Heart Rate Velocity (over n-5 values):
0 0 0 0 0 0 0 0 0 0 0 0 0 0 0 0 0 0 0 0 0 0 0 0 0 0 0 0 0 0 0 -4.22535211267606 -3.38028169014085 -5.35211267605634 -3.94366197183099 -3.94366197183099 -2.25352112676056 -1.40845070422535 -0.563380281690141 -0.28169014084507 0 0 0 1.40845070422535 -0.28169014084507 1.12676056338028 0.84507042253521 0.56338028169014 0.281690140845069 0.281690140845069 1.40845070422535 1.12676056338028 0.845070422535213 3.38028169014085 3.94366197183099 2.8169014084507 1.97183098591549 1.12676056338028 3.09859154929577 2.25352112676056 1.69014084507042 1.12676056338028 0.563380281690141 0 0 1.40845070422535 1.12676056338028 0.845070422535211 0.563380281690141 0.28169014084507 0 0 0 0 0 0 0 -1.40845070422535 -1.12676056338028 -2.25352112676056 -0.28169014084507 0 -1.12676056338028 -0.845070422535211 -0.563380281690141 -0.563380281690141 -0.28169014084507 0 0 -1.40845070422535 -2.53521126760563 -1.97183098591549 -2.8169014084507 -1.97183098591549 -1.12676056338028 -0.563380281690141 -0.28169014084507 0 -1.40845070422535 -1.12676056338028 -2.25352112676056 -3.09859154929577 -2.25352112676056 -1.40845070422535 -0.845070422535211 -0.28169014084507 5.63380281690141 4.50704225352113 6.19718309859155 4.50704225352113 2.8169014084507 -0.28169014084507 -1.97183098591549 -1.97183098591549 -1.40845070422535 -0.845070422535211 -0.28169014084507 0 1.40845070422535 2.53521126760563 1.97183098591549 1.40845070422535 0.845070422535211 0.28169014084507 2.8169014084507 2.25352112676056 1.69014084507042 1.12676056338028 0.563380281690141 0 0 -1.40845070422535 -2.53521126760563 -1.97183098591549 -2.8169014084507 -1.97183098591549 -1.12676056338028 0.845070422535211 0.845070422535211 0.845070422535211 -0.845070422535211 -0.845070422535211 -0.845070422535211 -1.97183098591549 -1.40845070422535 -0.845070422535211 0.845070422535211 0.845070422535211 0.845070422535211 0.563380281690141

Videos Played:
wingfly lion wingjump tarantula
5.11488970589994 15 1.55273437499913 7.30698529409308

Start/Stop Indices:
37 65 93 121
62 90 118 147

Subject Coefficients:
19.7183098591549 -1.40845070422535 5.63380281690141 1.40845070422535

Difference in Coefficients:
14.603420153255 -16.4084507042254 4.08106844190228 -5.89853458986773
